2.536223, pop
3.623259, pop
4.690932, pop
5.242966, pop
5.776923, pop
6.326121, pop
6.872150
7.397198
7.949045
8.483678
9.030651
9.564871
10.121378
10.656048
11.190107
11.743022
12.287500
12.828228
13.368206
13.912821, roll_audio
14.449287, start_roll
14.692906, end_roll
15.522599
16.045860
16.575075
17.114303
17.683530
18.226508
18.770236
19.306464
19.854326
20.388385
20.945664
21.456503
22.002995
22.545754, roll_audio
23.063631, start_roll
23.272762, end_roll
24.190640
24.744867
25.275846
25.798950
26.329928
26.887905
27.433883
27.970012, no_platform
28.498840, raise
29.041817
29.572796
30.109774
30.640752
31.198730
31.731645
32.287685
32.830663
33.346642
33.895620
34.429598
34.978576
35.515554
36.055532
36.610509
37.144488
37.678466
38.236443
38.782421
39.310399
39.844378, roll_audio
40.473646, start_roll
40.640095, end_roll
41.452312
41.999040
42.559267
43.084246
43.639223
44.179201
44.734178
45.268157
45.802135
46.336113
46.867092
47.407070
47.944048
48.487026
49.036003
49.578981
50.133959
50.676937
51.222914
51.741893
52.287871
52.800850
53.361827
53.904805
54.444783
54.984761
55.542738
56.070717
56.619695
57.144673
57.681651
58.218629, roll_audio
58.764607, start_roll
59.043596, end_roll, seems too long
59.277586, roll_audio
59.796565, start_roll
59.976558, end_roll
60.920019
61.449123
61.998476
62.541453
63.075432
63.627409
64.191386
64.713365
65.265342
65.790321
66.330299
66.876277
67.428254
67.942733, roll_audio
68.484211, start_roll
68.658204, end_roll
69.594166
70.125145
70.683122
71.211100
71.751078
72.261058
72.819035
73.359013
73.904991
74.459968
75.001718
75.533924
76.091902
76.612380, roll_audio
77.138859, start_roll
77.324851, end_roll
78.224815
78.767793
79.322770
79.880747
80.423725
80.948704
81.467683
81.986662
82.541639
83.078617
83.642594
84.170573
84.710551
85.265528, roll_audio
85.799506, start_roll
86.040997, end_roll, unsure
86.865963
87.420940
87.963918
88.488897
89.042374
89.577853
90.128330
90.659308
91.206786
91.707766
92.274743
92.808721
93.354699
93.896177
94.436820
94.943134
95.504938
96.053089
96.602066
97.136045
97.694022
98.231000
98.779978
99.319956
99.850934
100.381129
100.930890
101.470868, roll_audio
102.016846, start_roll
102.160840, end_roll
102.555324, roll_audio
103.098302, start_roll
103.249046, end_roll
104.162509
104.697237
105.249214
110.068518, result
